0
0.101010101010101
0.202020202020202
0.303030303030303
0.404040404040404
0.5050505050505051
0.6060606060606061
0.7070707070707071
0.8080808080808081
0.9090909090909091
1.01010101010101
1.111111111111111
1.212121212121212
1.313131313131313
1.414141414141414
1.515151515151515
1.616161616161616
1.717171717171717
1.818181818181818
1.919191919191919
2.02020202020202
2.121212121212122
2.222222222222223
2.323232323232324
2.424242424242425
2.525252525252526
2.626262626262628
2.727272727272729
2.82828282828283
2.929292929292931
3.030303030303032
3.131313131313134
3.232323232323235
3.333333333333336
3.434343434343437
3.535353535353539
3.63636363636364
3.737373737373741
3.838383838383842
3.939393939393943
4.040404040404044
4.141414141414145
4.242424242424247
4.343434343434348
4.444444444444449
4.54545454545455
4.646464646464652
4.747474747474753
4.848484848484854
4.949494949494955
5.050505050505056
5.151515151515158
5.252525252525259
5.35353535353536
5.454545454545461
5.555555555555562
5.656565656565664
5.757575757575765
5.858585858585866
5.959595959595967
6.060606060606069
6.16161616161617
6.262626262626271
6.363636363636372
6.464646464646473
6.565656565656575
6.666666666666676
6.767676767676777
6.868686868686878
6.969696969696979
7.070707070707081
7.171717171717182
7.272727272727283
7.373737373737384
7.474747474747486
7.575757575757587
7.676767676767688
7.777777777777789
7.87878787878789
7.979797979797992
8.080808080808092
8.181818181818192
8.282828282828293
8.383838383838393
8.484848484848493
8.585858585858594
8.686868686868694
8.787878787878794
8.888888888888895
8.989898989898995
9.090909090909095
9.191919191919196
9.292929292929296
9.393939393939396
9.494949494949497
9.595959595959597
9.696969696969697
9.797979797979798
9.898989898989898
9.999999999999998
