1.792586154659546 -1.618710049656651 0 48.34638861611162
1.903423946730608 -4.910592474167188 32.58963600265434 -59.19941019264772
2.137562695929955 -8.387552899777486 49.80059010942529 -87.59748446881981
-5.597458473211757 68.18915667472547 -202.9025514864345 190.375971286626
14.46688391237602 -80.78858553826379 165.817360490714 -113.8179560945215
10.75600333604814 -58.74595491487617 122.1729518564065 -85.01264639587862
-59.81560555209838 290.5835090814491 -454.2206637375301 232.0038421807865
101.2287176125306 -392.7045477741912 512.1438738154468 -223.5680112370454
-158.2672373620986 570.6741850691201 -680.0373080781509 268.2067262940636
288.2166920795526 -902.7227820883293 940.6993557950434 -326.0633837927743
-258.9032505596285 722.2234475500388 -667.9974115469413 204.8065494300807
32.85648300723092 -65.52783308048154 40.9787410205272 -7.886296340159864
61.84183769111449 -137.2665859230934 100.163212115682 -24.16202589132743
188.149354186839 -425.8306813017871 319.9158693656103 -79.94539273169386
-300.5932031878197 611.0017439858818 -413.2727742306701 92.8776446874294
-95.74666686243876 205.4056020616275 -145.5793205606621 33.98508488002764
753.825242991762 -1371.612255605233 830.2004788707081 -167.2694987526925
-1244.958150959499 2120.379909121382 -1203.371428823027 227.4826950937384
1849.989674153364 -2986.284002314842 1605.293722466897 -287.4392493094143
-2699.249854665796 4124.89568220774 -2100.005165784344 356.1126628605383
3083.490264885813 -4462.473395326401 2150.742527595056 -345.260706547063
-2090.934863106948 2855.642142834787 -1299.226226109502 196.8772404636532
196.7215861430329 -232.6940636526852 90.52506680985957 -11.58545347425103
1084.497038312459 -1379.082364932335 583.9704660563175 -82.38414119222105
-1053.752547282948 1267.00149724198 -507.5391270905871 67.69842786547827
-139.098403893835 180.3923748957141 -77.24191464146594 10.89919582219429
1883.60673265638 -2130.159261855876 802.5450547370236 -100.7660733681524
-3085.242113468088 3335.574468881035 -1201.557313199843 144.1797716019089
1879.114809772201 -1930.189838984554 660.2664956526321 -75.24946301284692
-229.7238269386604 229.5517993020863 -77.02461534866869 8.649180652818309
1215.999844540705 -1201.714635462485 395.2933081236396 -43.30579092913558
-370.1159642540235 317.8866394150439 -89.99871191789344 8.354327333350161
-4041.129549766692 3725.046123468986 -1144.088677297081 117.0573550130788
5291.078949141114 -4673.941525548031 1375.607617408022 -134.9122744574313
-4524.304574743217 3900.084670315628 -1120.94706903463 107.4003862855318
6029.552473114455 -5055.616881723588 1412.23708425646 -131.4426910247707
-4387.116660049593 3538.135153136744 -951.0447253301287 85.19147485399971
-1183.915935865306 966.9172745347645 -263.0702118663567 23.83158581533901
747.3508464158277 -542.5201842481199 130.1779681849734 -10.31891403122383
6841.672925699401 -5183.580844625606 1308.293366588488 -110.0056015884442
-7389.418601198032 5383.004614095727 -1306.93653444504 105.7508652468216
1194.75676921085 -835.288276176066 194.5537000352213 -15.10078777232122
2114.039045897528 -1485.352171833073 347.7830468686586 -27.14023645209128
636.753062723953 -464.9941788038843 112.863415915427 -9.111520588238637
-9790.872945733725 6573.653376905041 -1470.83228411908 109.6656569143492
12863.99124425521 -8378.55698848764 1818.653996267307 -131.5633369806522
-8334.096064946787 5308.034165497109 -1126.938447742451 79.75090356787364
13268.79241155038 -8343.152807948954 1748.524340281292 -122.1432921869847
-31581.34362596549 19407.86886526395 -3975.123879818865 271.3575229449007
39236.97897776605 -23516.70626393654 4697.392319754286 -312.7098945773721
-29449.47901005033 17283.04978082634 -3380.959377108753 220.4613174155879
19174.9466829698 -11033.52753452064 2115.787984105653 -135.2105706629909
-17761.04326463356 10062.60518555279 -1900.591129908322 119.6750269571264
27262.7410297903 -15167.70412660546 2812.240232174062 -173.7654163423424
-27354.65293515485 14871.86255411434 -2695.013659291228 162.7889881360915
-1946.1573629656 1151.27494513216 -225.307889674438 14.60664195908431
41151.52863577329 -21705.89066491326 3815.512459244301 -223.5131286021982
-54044.88377886818 27896.4505406104 -4799.631013294007 275.2583355973874
41261.61124605712 -20907.04777387716 3530.621285213339 -198.7042951797541
-15962.37988833898 7898.927424284911 -1302.923705664695 71.64652634393224
-6811.847244538082 3369.413765603475 -555.5539519822596 30.54118989139831
7612.395334546808 -3653.53712945916 584.2364391836418 -31.1196017618389
40943.23524176823 -19620.0846334023 3133.733540619721 -166.8186410318236
-80414.60786341704 37591.46997332782 -5856.653611866429 304.1064002888789
49403.67408520171 -22652.32649345299 3462.308654088714 -176.4025915494325
-17025.63223747231 7700.756549368791 -1160.699378587212 58.30397010949876
15848.21815600397 -7092.476127695514 1058.285522972431 -52.64527496848321
-511.899085993151 159.6952467420053 -13.30397862355917 0.1345064534087676
-54252.86421074648 23631.85207328865 -3430.573869547257 165.9726041011762
90164.19339128013 -38530.27272062708 5488.339687840641 -260.5841312521575
-68966.56830445804 28986.63617027888 -4060.480283873188 189.5745245572081
42958.43766928041 -17832.69731451024 2467.849314710073 -113.854879320605
-50604.09836280318 20761.84879872419 -2838.900775859653 129.3711664971738
47873.8504120193 -19303.83720966243 2594.664860894141 -116.2557732464906
-33265.03059175982 13261.36232834076 -1762.030752973847 78.02930142600054
10195.93605492992 -3949.18046374835 509.7608955819123 -21.92953111045274
-1120.410879393385 473.1287987437781 -66.30307413745618 3.083772837888227
56785.21042027472 -21861.8965596996 2805.343043376688 -119.9867750555749
-111227.4167270938 42112.1422387214 -5314.438804115196 223.5424569536966
100509.4701784125 -37490.20638271567 4661.045390216776 -193.1549840753598
-73444.52140559648 27090.21299284757 -3330.781507509163 136.5078754558347
74900.43086304156 -27302.93617231963 3317.270057122375 -134.3386697698943
-51505.53363125298 18480.68755305285 -2210.265002404296 88.11091189398365
38720.18474834764 -13804.90083097288 1640.66662412407 -64.99841783545723
-94042.15549222083 33136.06946837092 -3891.662018298587 152.3430645454326
127600.585305818 -44308.51172812022 5128.353909292726 -197.8457891139944
-71448.69668683426 24432.9263553887 -2784.90466078562 105.8025048541279
2634.011376322197 -857.3774316888293 92.95749429561403 -3.357783786884394
29288.52491591411 -9853.275751301091 1104.996055251993 -41.30922982274858
-58954.92059111944 19594.25606396739 -2170.628270266634 80.14650359535774
49691.56874468706 -16259.08541684874 1773.239292623138 -64.46197371060049
20077.54636302488 -6593.84954063592 721.7465983977879 -26.33091996396693
-78897.421239324 25357.85195707887 -2716.534323638911 96.99872180474071
21574.95824669666 -6728.488588456754 699.1083795955254 -24.20150314873926
88931.02035876141 -28010.13800046019 2940.473583625675 -102.8877283966062
-70472.93089599525 21824.57097076374 -2252.827667059766 77.51115715351962
-67935.92501396226 21039.68477600978 -2171.886278225764 74.7287969123508
161777.8065634201 -49295.34437706505 5006.637315747852 -169.4890160785042
-88006.88256841185 26404.70937003099 -2640.613011764911 88.02043372549704
