1.792586154659546
1.67890636796417
1.753346462756779
1.731407808591192
1.38716687387426
1.297856495683175
1.102857422130283
0.5735136415148091
0.3482208556670367
0.02085530637085775
0.1306275979311664
-0.1791469198958803
-0.4083373414952207
-0.4032803752648706
-0.354102768359226
-0.5195556398979329
-0.5641235756653203
-0.4243740817034978
-0.5203943837408269
-0.3830280338031815
-0.5957669650816503
-0.3426248727509405
-0.477001505614344
-0.5550514079584146
-0.5065371731956694
-0.6132519294007095
-0.6697860388310604
-0.6652880651912036
-0.8553342030855929
-0.8269553058628988
-0.7328557458832488
-0.6595640378938592
-0.7680817450524547
-0.9479595384229608
-0.8470673293128859
-0.7902445296263046
-0.6092475570654621
-0.6474539714954598
-0.6645720749896096
-0.4851931491176829
-0.2406681196231887
-0.2861354078980702
-0.3145792676347223
-0.3072348874652621
-0.4009397310673042
-0.5482039647820447
-0.4419183675461736
-0.4292303521060667
-0.4428441827103167
-0.6244324182661944
-0.3035038957247325
-0.2623130932921381
-0.05365270227079186
0.1156276997562615
0.4204475147704456
0.435579415652847
0.6680806890348113
1.115583433238841
1.1554058389955
1.487142483448124
1.64917038360106
1.763537485589853
1.997915490763974
2.08356676444815
1.614134332554747
1.489551482219241
1.356112813560405
1.218113924038485
0.9187550814976959
0.5753870767214246
0.6038000853214617
0.2961819830451197
0.04814184261747786
-0.2809716467718832
-0.3949879094327883
-0.5594154381729076
-0.5949982496849721
-0.5085435757376655
-0.4335991318439129
-0.6312399788156047
-0.502652690395624
-0.4730356888145418
-0.3171616493218633
-0.3573393568691886
-0.4357756363933877
-0.5726082958303774
-0.4107020075829204
-0.4996168423677818
-0.6105507025680125
-0.6908784284299275
-0.831755632277686
-0.8117919892237249
-0.8412652705643219
-0.9951904271153864
-0.9257752174067635
-0.7388581707854075
-0.8036463662874064
-0.8296255427109889
-0.6035239882184488
-0.6563190960423447
